[gd_scene load_steps=5 format=3 uid="uid://cg545hlmaa35g"]

[ext_resource type="PackedScene" uid="uid://cldtynfevo0tu" path="res://scenes/prototype/procedural_level/zones/base_zone.tscn" id="1_pk2em"]
[ext_resource type="PackedScene" uid="uid://ci5mgleigx3x5" path="res://assets/models/Trees/MidTree.glb" id="2_vya4e"]
[ext_resource type="PackedScene" uid="uid://bqyvvwg4v6nmd" path="res://assets/models/Trees/SkullTree.glb" id="3_mp6ga"]
[ext_resource type="PackedScene" uid="uid://bq4ehe0s6qswr" path="res://assets/models/Trees/TallTree.glb" id="4_2ony0"]

[node name="WoodedZone" instance=ExtResource("1_pk2em")]

[node name="MidTree" parent="." index="1" instance=ExtResource("2_vya4e")]
transform = Transform3D(1, 0, 0, 0, 1, 0, 0, 0, 1, 3.1012, 0.627225, 2.87098)

[node name="MidTree2" parent="." index="2" instance=ExtResource("2_vya4e")]
transform = Transform3D(-4.37114e-08, 0, -1, 0, 1, 0, 1, 0, -4.37114e-08, -2.87814, 0.627225, -2.82008)

[node name="SkullTree" parent="." index="3" instance=ExtResource("3_mp6ga")]
transform = Transform3D(1, 0, 0, 0, 1, 0, 0, 0, 1, 2.84568, 0.354163, -2.73434)

[node name="SkullTree2" parent="." index="4" instance=ExtResource("3_mp6ga")]
transform = Transform3D(-0.5, 0, -0.866025, 0, 1, 0, 0.866025, 0, -0.5, 1.04883, 0.354163, 2.05336)

[node name="SkullTree3" parent="." index="5" instance=ExtResource("3_mp6ga")]
transform = Transform3D(-0.965926, 0, 0.258819, 0, 1, 0, -0.258819, 0, -0.965926, -3.03271, 0.354163, 2.58425)

[node name="SkullTree4" parent="." index="6" instance=ExtResource("3_mp6ga")]
transform = Transform3D(0.258819, 0, 0.965926, 0, 1, 0, -0.965926, 0, 0.258819, -1.02099, 0.354163, -1.94664)

[node name="TallTree" parent="." index="7" instance=ExtResource("4_2ony0")]
transform = Transform3D(1, 0, 0, 0, 1, 0, 0, 0, 1, -0.228758, 1.0419, 0.198499)
